[[[[0,[4,5]],[0,0]],[[[4,5],[2,6]],[9,5]]],[7,[[[3,7],[4,3]],[[6,3],[8,8]]]]]
[[[[4,0],[5,0]],[[[4,5],[2,6]],[9,5]]],[7,[[[3,7],[4,3]],[[6,3],[8,8]]]]]
[[[[4,0],[5,4]],[[0,[7,6]],[9,5]]],[7,[[[3,7],[4,3]],[[6,3],[8,8]]]]]
[[[[4,0],[5,4]],[[7,0],[15,5]]],[7,[[[3,7],[4,3]],[[6,3],[8,8]]]]]
[[[[4,0],[5,4]],[[7,0],[[7,8],5]]],[7,[[[3,7],[4,3]],[[6,3],[8,8]]]]]
[[[[4,0],[5,4]],[[7,7],[0,13]]],[7,[[[3,7],[4,3]],[[6,3],[8,8]]]]]
[[[[4,0],[5,4]],[[7,7],[6,0]]],[14,[[[3,7],[4,3]],[[6,3],[8,8]]]]]
[[[[4,0],[5,4]],[[7,7],[6,0]]],[[7,7],[[[3,7],[4,3]],[[6,3],[8,8]]]]]
[[[[4,0],[5,4]],[[7,7],[6,0]]],[[7,10],[[0,[11,3]],[[6,3],[8,8]]]]]
**** [[[[4,0],[5,4]],[[7,7],[6,0]]],[[7,[5,5]],[[0,[11,3]],[[6,3],[8,8]]]]]
[[[[4,0],[5,4]],[[7,7],[6,0]]],[[7,[5,5]],[[11,0],[[9,3],[8,8]]]]]
[[[[4,0],[5,4]],[[7,7],[6,0]]],[[7,[5,5]],[[11,0],[[9,3],[8,8]]]]]